1.296171 -0.947007
2.200783 -1.177890
2.090173 0.772483
0.641297 -3.508804
0.870072 -1.456589
1.733738 1.430378
1.120332 -1.471454
2.136331 -1.560328
0.313227 -2.226467
1.471683 -0.207050
1.288342 -3.109940
2.391855 -1.799395
-0.345502 -0.433025
1.000747 -1.001443
1.053495 -0.376075
-1.341905 -0.873559
2.248095 -0.319132
3.809232 -2.287416
0.767815 -0.781915
1.287032 -2.566567
0.535396 -0.216718
1.384318 -1.310570
0.620172 -0.344676
0.898222 -1.537467
2.618151 -0.671357
0.152770 0.054072
0.424117 -2.979699
0.924087 -2.867388
0.867528 -2.832356
2.439310 -0.151408
3.031263 -0.594813
0.021798 -1.702456
0.358976 0.499046
1.520476 -0.862205
0.619300 -2.586821
2.992852 -2.019146
2.635870 -2.385234
1.559019 -0.045114
1.563638 -1.601120
0.661603 -2.171891
1.763647 -1.577110
2.127442 -1.836431
1.141571 -0.147030
2.928134 -0.522669
1.670638 -0.697680
0.889889 -0.584224
1.370962 -0.957025
2.096595 -1.948853
0.601837 -0.458392
0.914537 -1.821128
3.373287 -2.071905
0.526079 -2.074092
1.946341 -0.130447
1.818162 -0.018949
2.588971 -2.758825
1.526012 -1.148096
-1.465198 -0.748058
0.147472 -1.610385
1.511735 -0.239020
1.257775 -0.745570
2.962447 -1.152834
2.406315 -1.557411
1.496834 -0.322982
1.082831 -0.150703
-0.548478 -0.530693
2.863160 -1.239782
1.134027 -0.079015
-0.546003 -1.906881
1.433282 -0.855559
1.102954 0.396409
0.429654 -1.189699
1.493062 -1.843836
0.292487 0.943438
-0.348025 -1.246922
-0.754302 -0.558381
0.636191 -1.803611
0.372906 -0.712391
1.440150 -0.532982
-0.502641 -0.995438
0.791765 -0.673910
-0.505125 0.204587
2.809741 -2.404116
0.883027 -0.794436
2.226209 -2.991196
1.494943 -0.971591
1.908595 0.930515
-0.154219 -0.058863
2.257556 -1.006924
2.452532 -1.338242
-1.076811 -0.471734
0.823512 0.056900
0.347918 -0.985259
1.156534 0.614761
0.149774 -1.815855
1.279046 -2.997759
1.597094 -1.748191
1.244717 -1.199304
0.881653 -1.372760
-0.289408 -1.847371
1.057564 0.337238
0.479067 -2.616317
-0.279027 -1.491818
0.943773 -1.969302
0.790320 -1.474108
1.192102 -1.666164
1.992332 -0.521625
1.576244 -2.041058
2.305784 -1.820659
0.270694 -0.898870
0.135425 0.083983
0.905079 -2.854527
2.383214 0.799753
2.303681 -1.878374
0.874188 -0.352267
0.403126 0.049565
-0.520646 0.323093
1.671842 -1.517359
1.022844 -0.975685
-0.177789 -1.162367
0.665422 -1.605661
-0.829455 -0.728290
1.429990 -0.641357
0.826007 -1.352315
2.631242 -0.867640
-0.359428 1.673582
1.970507 -1.007566
1.143640 -0.289697
1.082604 -1.462539
1.716664 -1.527878
2.193484 -1.345787
-0.071062 -0.435442
2.318902 -1.801539
-0.210003 -2.852947
-0.074115 -0.946784
0.327440 -1.436415
1.736462 -0.719993
-0.069961 -0.915394
1.334715 -0.270881
1.411883 -0.099247
1.154120 -2.325638
1.554571 -2.524579
-0.172846 -0.497567
2.007587 -0.693609
1.113520 -1.939160
1.730051 0.237402
0.016488 -0.966988
1.052032 -0.876432
1.877599 -0.726061
2.014141 -0.245834
0.915652 0.524498
-0.853532 -1.261976
-0.096821 -2.730684
1.218628 0.013464
1.794246 -1.927736
1.463124 0.243680
0.387370 -1.589489
3.244400 0.491482
1.072348 -1.805978
1.865514 -2.112599
0.584304 -0.043060
-0.114938 -2.363052
1.685252 -0.319415
2.037673 -0.562176
2.822212 -1.143268
0.471012 -1.341533
-0.627967 1.057811
2.617302 -1.374535
1.264137 -1.190203
-0.127146 -1.938732
0.440824 -1.813462
0.191155 -1.583619
2.161004 0.709525
1.592105 -1.390420
1.242748 -1.690065
1.240477 -1.448221
0.178500 -0.285624
1.993112 -2.315731
1.346395 -0.372878
0.738866 -2.331295
0.815287 -1.130848
0.898265 -2.826896
0.112957 -0.464078
1.741377 -0.307135
2.392208 -1.687550
3.473900 -0.682424
1.503919 -0.837158
0.177519 0.159116
1.200982 -0.871612
-0.007053 0.039458
0.386828 -1.116771
0.341037 -1.648297
0.166771 -1.037981
1.378179 -1.199325
-0.115343 -0.118330
1.667241 -1.056144
1.795333 -1.841239
2.037492 -1.154844
0.979569 0.188595
1.618953 -1.414907
2.803064 -1.658617
6.483991 -3.324605
5.601227 -4.102260
5.137294 -2.548751
4.761172 -5.404656
4.020158 -5.182152
5.653372 -2.481708
5.182983 -4.045657
5.818918 -4.542104
4.043453 -4.041833
6.821835 -4.764144
5.987204 -4.791985
3.933374 -4.886798
6.557060 -5.053993
4.912422 -5.443728
5.802222 -4.559848
5.719462 -5.074685
4.621799 -3.058145
2.638600 -4.264473
6.035555 -3.478623
5.157963 -4.639831
4.902141 -4.581551
5.918913 -3.241753
4.810319 -3.031466
6.171191 -4.467059
5.650897 -2.807522
4.508681 -4.024271
6.336830 -4.131470
5.974509 -2.307999
6.752166 -2.964315
4.607377 -3.592740
4.604726 -4.097740
5.813326 -5.038382
6.167033 -4.615215
6.328117 -2.678000
5.506509 -6.521507
5.264108 -5.136977
6.152821 -4.688803
7.464533 -4.351725
6.384584 -6.283880
5.584537 -3.970932
4.925486 -3.770268
5.999751 -5.440135
5.015896 -4.759287
5.738446 -5.713545
6.278248 -2.875450
6.424273 -4.126488
6.088138 -4.750892
6.877934 -5.425456
7.351205 -4.401340
3.602335 -2.815720
3.721316 -4.224741
4.577359 -4.146711
3.502073 -5.700376
5.142900 -4.333871
5.163599 -3.723838
5.750426 -5.881435
5.786162 -3.371721
4.813831 -2.034560
4.686686 -6.057917
6.293403 -6.566648
5.118055 -4.572599
4.128796 -3.740889
5.510307 -4.581664
5.704132 -4.658473
5.088974 -4.493502
6.163561 -5.564608
5.725782 -6.143915
5.287157 -2.918450
5.455965 -4.207386
5.958182 -5.687609
5.058583 -3.424063
4.445053 -5.797372
5.344416 -4.621770
5.629148 -3.759228
6.009428 -5.340718
5.469876 -4.849471
5.042635 -4.470368
6.096336 -2.547627
5.386472 -4.040976
6.307024 -4.899312
5.410197 -4.725385
5.493708 -4.780283
5.408139 -3.193275
4.578762 -4.784375
4.573048 -5.291710
4.538779 -4.259381
7.284830 -4.594646
5.299811 -3.706765
6.440412 -3.540560
5.849156 -3.412897
7.359280 -3.852831
6.427072 -3.867450
4.273036 -2.596724
5.172761 -5.660026
6.391646 -4.847309
5.788186 -6.195065
7.765195 -3.580614
5.452110 -4.478469
3.948136 -4.799340
5.944083 -6.221016
4.588181 -4.316568
5.549435 -4.759732
6.578046 -5.854789
5.808179 -5.657442
5.799639 -5.261986
5.302782 -4.750300
5.353578 -6.148763
5.396929 -4.681991
2.701018 -3.884313
5.893275 -4.876674
6.490247 -5.198035
4.202367 -4.195878
3.978032 -3.398920
6.121011 -4.946608
3.992477 -4.966712
3.820598 -5.935821
6.288976 -5.477716
4.845718 -3.894105
6.744903 -4.613655
4.207736 -3.735438
4.885648 -3.830103
5.741695 -4.124216
6.049349 -3.733347
5.967634 -2.976528
5.691457 -3.923176
5.270195 -4.074027
4.920783 -4.542931
5.980481 -5.742263
5.113167 -5.004952
5.921616 -4.174149
6.587706 -5.611423
3.250668 -4.031816
7.304480 -4.177387
4.867940 -4.399979
6.816458 -4.198565
7.051592 -4.476176
4.031092 -4.522055
5.676938 -4.508758
8.966260 -3.570545
5.285373 -4.590432
5.986283 -7.141146
5.830885 -4.986150
6.767902 -4.304030
6.590514 -3.540278
4.553549 -3.119676
5.061501 -5.441464
5.843221 -3.739132
5.441597 -4.262080
8.034975 -4.708373
5.938645 -4.475261
5.937518 -4.528091
4.662324 -4.359641
4.192497 -4.262414
6.294143 -5.171549
5.302736 -5.545000
6.149153 -3.534233
4.668526 -4.719757
6.395954 -3.085464
3.686514 -5.424187
7.066683 -5.094141
6.346501 -3.078725
5.610155 -3.092392
4.338898 -5.529001
5.102464 -4.293488
5.754294 -3.158889
6.707789 -3.167283
4.466458 -5.784895
6.795147 -2.881624
8.268123 -3.838356
5.004653 -4.272654
5.968766 -4.725576
4.842703 -5.465993
3.783043 -4.404982
6.970519 -4.756733
6.194137 -2.189869
4.989303 -4.309940
5.613387 -4.673404
5.270193 -4.514029
4.038267 -5.112738
2.617664 -2.428200
5.452532 -3.862976
5.037534 -4.425106
4.923354 -3.376733
4.654032 -4.533128
3.682764 -4.597748
4.978269 -5.056620
5.661436 -5.115499
4.438189 -2.895447
5.950494 -3.731505
5.227202 -4.413067
5.398546 -2.795641
4.070894 -4.476366
4.735591 -4.209957
5.910138 -5.919899
4.710067 -4.024726
5.661637 -5.947319
7.477904 -5.488280
6.295266 -3.550620
6.537367 -4.148776
7.860330 -5.372282
0.601873 4.870598
1.256436 4.330761
1.220025 2.652103
-0.711441 5.547872
-0.205755 3.383363
-0.772914 3.301429
0.927508 2.576405
-0.721115 3.890368
1.701881 3.897288
-0.005468 3.677283
-0.106427 3.160413
2.790560 2.339449
3.162384 7.012487
0.180722 5.500840
0.962950 3.641008
2.963004 3.885121
0.459734 4.358901
2.717504 3.987863
1.819808 3.429640
1.055521 4.934035
0.646875 2.861683
2.693149 5.957238
1.711050 2.236771
0.367236 3.676666
1.392726 4.872592
0.122038 4.117915
1.148945 2.496945
2.531878 4.921835
1.531848 4.163245
0.240333 3.185329
1.347984 4.403710
0.302197 4.756157
3.019315 6.184440
-0.793700 3.906217
0.340492 3.705794
1.771453 3.495194
0.179659 2.073001
1.017888 4.521381
1.654535 1.945589
2.257699 3.730162
0.072920 3.724968
0.830122 4.845145
0.528328 1.228819
0.885767 4.918075
1.369487 3.480746
0.381385 2.706988
1.800115 3.991282
1.426696 4.233353
0.527669 3.575804
1.275952 2.530551
1.984227 5.206420
1.993107 4.197342
1.668209 3.293124
0.935002 5.216367
0.379901 4.367170
1.224104 2.732484
0.533864 4.621050
0.667913 2.204545
1.924815 2.942161
2.447026 4.151544
1.595832 4.411264
3.053271 4.070498
-0.529250 2.066973
1.022688 4.818722
1.095285 5.261757
2.614526 5.167343
1.501273 3.429670
0.676160 3.606102
1.554217 2.982566
1.642443 4.250206
1.182625 4.252125
-1.027476 3.228521
2.023081 4.919545
-2.491542 4.852158
1.109490 4.657126
-0.551331 3.246536
0.644889 2.661498
2.398557 4.652225
0.486525 5.447217
2.917180 2.709874
1.778411 1.791811
0.753545 5.436108
0.096468 3.938328
0.504098 5.177806
1.374495 4.985513
-1.370532 2.781422
1.615062 3.568122
1.279465 3.165059
1.818865 4.179680
3.047507 5.166302
0.676256 4.055986
0.019458 1.899958
2.179634 5.235297
1.894583 4.002672
0.857069 3.540463
0.406529 1.896823
1.248917 4.373922
-0.129782 4.245181
1.066095 4.338579
0.362075 2.921935
0.180692 3.269838
1.967954 3.083673
1.030349 5.787553
2.351097 3.179596
-0.086374 3.803289
1.240265 3.109856
-0.046181 4.910749
1.618718 3.987735
2.305034 4.072814
2.023491 4.939416
-1.115382 4.675237
1.681729 4.785969
1.008709 1.867259
1.334273 4.219930
0.452587 4.966286
-0.650984 4.349994
1.892793 4.901815
0.492944 6.121188
0.670209 5.248587
1.168354 2.876814
3.536740 3.169915
3.293627 3.878221
-0.318661 3.357409
0.525865 3.921050
1.987382 5.228113
-1.073026 3.468634
2.244026 3.713895
0.684760 3.772394
2.399294 4.674523
0.120119 5.036840
0.077528 3.850537
3.314403 3.682919
1.588013 4.933595
0.690232 4.723284
-0.032964 4.488185
2.103351 7.266199
1.342109 4.031701
-1.263993 4.341275
0.096714 3.916469
3.970029 4.616421
0.988234 3.475001
-0.999539 5.007707
0.111985 5.829102
0.580098 4.085288
1.694578 3.931675
0.837247 3.436535
1.101577 3.526426
0.982142 2.296465
0.039673 3.946280
2.172806 3.118656
0.634727 5.255891
0.536589 4.155842
1.194990 4.054933
0.933053 5.398552
0.478470 2.224352
1.127100 4.329654
3.113018 2.942097
1.541281 3.356631
0.344915 4.258441
0.130471 4.891694
0.761102 3.163378
-0.575987 4.553148
2.825751 5.458409
1.204267 3.144918
-0.163396 3.007877
1.120610 3.988301
-0.443518 4.626911
1.582346 4.001499
0.818535 3.183673
1.042010 4.115148
1.361842 4.207069
1.853715 3.555438
0.190228 2.879510
-0.467051 4.435358
0.896104 4.017089
0.177087 3.637014
1.424981 3.368763
-0.854684 3.499675
1.858575 3.132807
1.306394 2.959907
-0.111562 5.265431
0.682759 3.758542
1.837863 2.270969
3.426465 3.511759
0.648911 5.060384
2.381962 3.461846
0.139345 5.777338
1.206890 3.220481
0.792503 3.247028
1.340257 2.966867
0.501888 5.163839
-0.421395 3.419894
0.729226 4.417302
1.439663 2.351875
0.493856 3.427325
0.815652 4.659232
1.401999 2.719598
1.539228 4.050124
0.266407 4.548403
0.731628 5.778447
6.641087 3.736302
6.946703 5.049524
5.645745 4.125362
5.421183 2.840841
6.056473 4.189771
5.106677 3.880057
7.122078 3.475409
6.775829 5.004999
6.962496 4.540473
7.260784 4.245270
5.892081 3.952264
5.422842 6.176594
6.525633 5.673003
7.151960 4.310939
6.858379 4.586573
6.945576 6.012560
7.506130 6.293271
6.295338 5.602621
7.204097 4.174153
5.988154 3.917185
6.789500 5.251587
4.596418 3.636266
7.542106 3.429124
4.225093 4.144763
6.205657 5.455880
5.653790 4.659282
4.841017 4.744942
6.335826 5.624750
6.332243 4.734628
7.411209 3.361438
6.136863 5.342094
6.577628 4.976342
6.243088 4.411610
7.467671 4.086964
7.130554 3.955417
6.010653 4.475993
6.124334 3.699486
7.779431 3.987810
5.760528 3.013325
6.857992 3.981358
5.121645 3.806771
5.238054 5.077652
6.862783 5.954967
6.648305 5.535485
7.058092 5.546823
5.366809 5.176211
7.017989 5.046595
6.171926 5.249989
5.952526 3.770161
7.689145 5.333202
7.437044 3.301450
3.748922 5.118773
6.356489 3.667587
5.149758 3.529505
5.700449 4.046489
5.365751 3.197292
7.624477 4.515975
7.241070 5.610659
6.555281 4.250626
6.703418 4.995702
6.458163 4.662037
6.683984 5.711821
6.251290 4.341684
5.821496 4.792971
6.507726 6.967714
5.690101 5.646234
5.605630 3.566157
5.730261 5.619792
5.911870 3.575773
6.008029 4.509907
8.531796 4.789367
4.776757 5.370003
4.928249 4.102738
6.246059 5.037858
5.949389 6.269737
5.269849 2.594515
6.326987 3.423252
6.752991 5.694941
4.846278 4.206052
5.592133 4.461822
4.712094 5.423935
6.083578 6.723061
6.163799 3.198105
6.682575 3.591009
4.913632 4.422500
6.297492 4.500510
5.856692 4.606855
7.391954 4.187535
6.306747 5.719647
5.462816 3.590439
5.771068 4.703977
5.463780 5.489747
7.439021 4.875200
5.488900 3.877874
4.393165 4.620555
5.798757 4.182604
7.143503 3.900316
6.663291 5.853154
6.164084 4.302332
7.785406 3.921998
5.412289 3.744030
6.259036 4.621199
5.128166 3.004159
5.212083 2.853841
5.655660 4.692897
6.647617 3.210230
8.054127 4.100151
6.798942 5.275403
4.928923 5.422150
5.794845 6.044536
5.445557 3.490438
5.707057 5.356706
7.180232 4.825287
6.377395 5.752439
6.991574 4.720159
6.603452 5.315197
5.207114 5.639422
6.930818 4.088289
4.649612 4.038935
6.799789 3.170951
6.599637 4.412500
7.100429 4.855446
4.580258 3.756861
5.796364 4.572031
6.017913 4.143597
6.100351 4.068308
6.876357 5.279328
6.700694 5.316325
6.652016 5.648304
6.178530 3.415040
7.676010 4.363878
5.674903 5.155092
6.101148 3.206539
5.423308 6.426740
5.938472 4.733252
6.725588 3.954978
4.772658 5.532812
6.190931 4.877137
5.265182 4.609255
6.788385 3.819812
4.034618 2.734608
4.044476 3.536432
7.624294 3.854367
5.850580 4.952528
4.031732 5.114498
4.313862 3.714699
5.913078 5.328176
6.307386 5.167417
6.337546 4.374499
7.066992 3.548771
6.332942 5.392040
5.926516 4.370278
7.047757 3.486515
8.058863 4.752287
6.026693 5.023585
5.759476 3.038370
7.038475 6.366406
5.492775 2.350948
4.516920 2.864763
5.893512 5.724019
6.245264 4.825174
6.145793 4.071087
4.881915 4.511596
5.403059 5.231318
5.320512 3.631977
6.955054 5.428160
5.869199 5.197317
6.649404 4.454850
6.598515 4.691211
5.807499 3.871237
4.019201 3.643387
6.362938 4.111287
6.703950 5.528508
5.247403 4.260280
5.983083 4.048377
5.558336 3.520733
7.701335 3.366553
5.969431 4.522121
6.203918 5.540239
4.952190 5.731484
5.264630 5.060179
4.643437 4.190961
6.728586 4.132396
6.607187 4.865633
5.171715 5.437439
8.887644 5.474244
6.919135 2.381076
6.405789 4.453535
7.916184 3.533219
3.544312 4.028751
5.908937 6.235227
5.975320 3.722470
6.199936 2.816203
4.961685 4.677027
6.529367 4.375522
3.782881 4.084445
6.107416 5.379458
6.438909 5.066128
5.959007 4.875917
6.364309 4.223046
9.350099 -0.888311
8.708693 2.140830
9.186078 -0.692178
9.576599 0.099297
9.339657 1.434978
8.327173 1.233401
8.462986 -0.757645
7.959842 0.738578
9.997284 -1.114361
8.973946 -1.705869
8.343001 0.661162
9.677746 -1.729642
8.489166 -2.138074
9.446005 -0.060048
10.516635 1.385691
9.937756 1.217816
8.839837 -1.495051
8.886162 0.037283
10.937126 0.802871
8.829201 0.973854
9.301169 1.560734
9.325989 1.586250
9.924837 0.856298
9.215291 -1.424483
9.366249 0.039702
9.322151 -1.379912
11.689003 1.233071
9.876069 1.742076
8.123510 -2.001495
7.782553 0.835497
7.385160 -0.342818
10.840080 -0.477962
8.181074 -0.889101
9.992136 1.263429
9.533818 0.383201
7.473273 -0.118867
11.022859 0.417247
9.552296 1.013222
10.820142 -0.869517
9.342644 -0.794680
9.179561 0.688502
7.980682 1.585673
9.037599 1.250179
9.137123 -0.115604
7.478948 -1.331770
8.981082 -2.342806
9.163247 -0.926563
8.278849 1.129568
9.410603 -0.549128
7.787369 0.283732
8.426255 0.212779
9.105392 -2.202763
8.394904 1.251073
9.421795 2.024705
8.637191 -0.038897
8.125885 0.998584
9.931594 -0.757334
9.600042 0.596145
9.571361 2.123217
9.685110 1.311725
10.009421 -0.699942
9.990871 -1.019613
9.033691 0.053115
8.549730 -0.237019
8.889344 -0.062736
10.237859 1.271109
7.802140 0.221138
8.435606 1.664023
10.043309 -0.042960
9.846002 -0.133235
8.504464 0.793200
8.793182 0.426273
8.844204 -0.209902
8.724602 -1.588159
6.556751 -1.116381
8.572677 0.616855
9.309060 0.543464
11.451575 -1.467896
7.537372 0.119908
8.364458 0.529355
8.614527 -1.175244
8.057722 -0.998215
8.326227 1.194042
7.075756 -1.753697
8.887582 0.446529
8.481491 0.978060
9.534983 -1.791257
9.057408 -0.130189
10.065817 -1.175237
10.620737 0.089962
9.121854 -0.422166
7.761959 -1.650934
9.244126 0.617969
10.398258 0.596160
8.904527 -0.618437
9.387623 0.527875
8.033685 -1.344318
10.509186 -1.234765
9.403831 -1.153440
8.577859 -0.109328
7.325976 -0.524195
8.312370 1.911298
7.972815 -0.071106
8.507442 0.561835
9.346808 0.574072
9.829352 0.371734
9.155633 0.191694
9.083714 1.244085
9.374617 -1.164160
11.653202 1.635270
9.332714 0.686330
9.140771 -1.149487
10.577835 1.110157
9.089548 1.182564
8.327016 1.707328
9.931893 -0.420315
8.642110 1.639378
9.202102 0.263469
9.876250 -1.463483
9.807948 -0.776171
7.396666 0.929488
6.637948 1.792958
8.298300 -1.183152
10.651903 -0.111176
9.235073 -0.656766
8.848247 1.879734
8.844111 -0.896081
10.038165 1.331506
9.330484 -0.624573
9.475807 0.776679
6.909498 -1.324254
8.825965 1.500277
9.019188 -2.202903
8.139973 0.322515
8.977051 0.421004
8.397683 -0.820701
9.869902 -0.966459
8.429188 0.609348
10.304680 -1.036211
8.957356 -0.028238
9.895531 -2.819767
11.284856 -2.081050
9.066827 -0.044753
10.494589 1.117955
7.927536 -1.649504
10.823345 0.678667
7.791571 0.494323
8.934608 -0.588469
8.673164 -0.023925
7.850849 2.191313
7.691958 -1.400581
9.646383 0.480099
7.610796 0.207551
7.659317 0.322085
10.128872 -0.005880
9.001696 0.281389
9.379684 -0.251339
8.098668 -1.693459
8.803206 -0.584016
9.306942 0.234443
9.167457 0.258786
10.788079 0.603656
8.375918 2.220965
8.850039 -1.654131
9.832215 0.680410
9.948091 0.135829
7.026262 -0.037987
8.608121 -0.693137
8.323289 -0.127525
8.983979 0.680362
9.515175 0.426215
9.444830 -1.605669
10.140898 0.906211
9.447681 0.249514
9.315440 1.894228
9.945592 -1.112379
9.428663 -0.722042
7.675393 -1.752187
9.109822 0.003612
7.345278 0.995144
10.110672 -0.478969
6.892138 -0.519101
8.450163 -0.294660
9.094261 -0.160550
8.961780 1.023516
10.882927 0.015895
9.055461 -0.482657
8.386110 0.634675
9.587017 -1.364438
7.793291 0.598625
9.545331 -0.206498
9.250930 2.139366
8.607253 -0.648814
8.377958 0.423592
7.809523 0.117865
7.121533 -1.080778
8.575992 0.875527
9.777242 -2.226282
8.286074 -1.946111
10.584640 -1.309595
